37	95	325
52	80	310
27	52	205
36	95	171
52	95	167
80	95	165
15	37	150
52	59	149
76	80	143
52	76	143
27	59	138
27	80	133
61	80	129
51	61	129
36	80	125
78	80	125
59	80	124
36	52	122
52	92	121
52	82	118
52	83	116
31	52	113
10	37	108
16	37	103
15	95	101
27	36	101
10	95	100
71	74	99
12	80	98
27	76	98
76	95	95
80	99	92
89	95	91
52	68	91
52	67	90
43	52	86
5	19	85
37	91	83
8	37	83
52	84	82
27	95	81
80	92	81
10	15	80
59	76	80
83	95	76
72	76	76
27	92	76
27	42	76
61	95	75
37	83	74
16	95	74
27	57	74
74	95	73
38	80	73
24	52	73
76	92	73
36	92	71
15	16	70
5	95	69
92	95	69
43	80	69
36	76	68
52	100	67
33	95	67
42	52	67
8	15	65
52	78	65
59	95	64
27	61	64
36	59	64
82	95	63
35	61	62
5	52	62
32	95	61
91	95	61
8	95	60
10	16	60
61	92	60
32	37	59
57	59	59
82	83	57
75	95	57
66	95	57
80	85	56
52	57	56
63	95	55
27	43	55
43	95	54
68	80	54
67	82	53
62	80	53
35	80	53
12	76	52
27	38	52
45	92	52
52	61	51
33	37	50
31	36	50
67	95	49
35	95	49
19	52	49
35	52	49
43	59	49
31	95	48
80	81	47
14	95	47
80	100	47
24	27	47
24	76	47
68	95	47
51	80	47
42	80	47
12	52	46
52	97	46
19	95	46
15	91	45
24	59	45
42	59	45
37	89	44
8	10	44
9	95	44
52	90	44
69	80	44
26	52	43
80	94	43
44	95	42
70	74	42
80	88	42
57	80	42
27	54	42
44	80	42
38	52	42
28	52	42
24	80	41
59	66	41
59	61	41
45	52	41
25	52	40
82	84	40
52	98	40
44	52	40
90	95	40
5	21	40
66	80	40
1	80	40
37	82	39
52	63	39
52	64	39
8	16	39
70	95	39
5	36	39
27	68	39
27	35	38
14	52	38
55	80	38
61	76	37
80	97	37
36	43	37
71	95	36
73	95	36
76	97	36
5	92	36
66	76	36
65	95	35
43	61	35
35	76	35
43	76	35
36	68	35
36	100	34
9	75	34
58	75	34
14	80	34
57	92	34
1	76	34
38	59	34
36	61	34
59	92	34
52	66	34
94	95	33
52	94	33
19	68	33
48	52	33
68	92	33
31	92	33
43	92	33
34	52	33
59	68	33
44	59	33
10	91	32
16	91	32
18	95	32
10	76	32
11	80	32
47	52	32
52	55	32
17	52	32
17	95	32
9	52	31
58	95	31
52	54	31
36	57	31
27	55	31
27	51	31
17	76	31
52	85	31
25	95	30
95	96	30
81	95	30
56	80	30
78	100	30
14	18	30
38	76	30
12	59	30
72	95	30
48	92	30
63	80	30
27	28	30
51	95	30
27	66	30
93	95	30
67	83	29
64	95	29
27	40	29
12	27	29
26	95	28
31	61	28
57	76	28
61	78	28
24	36	28
19	36	28
28	59	28
17	80	28
27	94	27
10	72	27
31	82	26
95	100	26
52	87	26
56	95	26
58	74	26
1	12	26
12	95	26
47	98	26
41	95	26
44	76	26
68	76	26
31	68	26
45	80	26
25	83	25
36	82	25
26	83	25
10	75	25
66	74	25
5	14	25
27	39	25
27	64	25
53	95	25
13	95	25
95	97	25
14	76	25
28	92	25
19	31	25
35	59	25
24	57	25
64	80	25
4	95	24
63	83	24
83	89	24
20	95	24
27	44	24
52	73	24
18	52	24
41	90	24
52	72	24
45	76	24
57	95	24
28	80	24
52	56	24
17	59	24
52	60	24
32	89	23
25	26	23
36	67	23
15	83	23
40	80	23
40	95	23
72	80	23
60	76	23
54	59	23
48	76	23
61	68	23
52	79	23
79	92	23
5	86	23
34	95	23
51	92	23
10	59	23
52	93	23
36	42	23
55	95	23
67	84	22
33	83	22
23	52	22
86	95	22
10	52	22
12	36	22
52	53	22
5	90	22
36	48	22
56	76	22
27	98	22
46	80	22
27	45	22
45	95	22
5	31	22
43	68	22
5	61	22
22	52	22
43	51	22
38	95	22
33	89	21
11	95	21
36	63	21
36	44	21
52	86	21
23	95	21
42	95	21
24	38	21
21	95	21
14	61	21
53	61	21
1	52	21
27	56	21
69	95	21
19	86	21
2	52	21
43	57	21
3	59	21
28	95	21
24	95	21
10	17	21
10	33	20
15	33	20
63	89	20
31	84	20
26	63	20
37	67	20
46	52	20
29	95	20
7	9	20
78	95	20
36	90	20
36	94	20
72	97	20
50	95	20
54	80	20
27	97	20
92	100	20
35	43	20
60	80	20
48	80	20
28	76	20
3	57	20
27	63	20
59	78	20
54	95	20
2	80	20
4	37	19
40	52	19
57	61	19
4	80	19
27	48	19
80	90	19
40	59	19
76	79	19
22	80	19
51	59	19
59	63	19
17	27	19
59	100	19
47	80	19
52	96	18
36	64	18
16	33	18
9	37	18
11	37	18
1	95	18
37	74	18
21	52	18
52	81	18
20	52	18
14	19	18
14	72	18
18	72	18
27	31	18
19	61	18
65	80	18
73	80	18
77	95	18
12	87	18
43	66	18
5	80	18
34	80	18
3	27	18
85	95	18
43	75	18
80	93	18
36	54	18
17	66	18
35	68	18
2	95	18
9	44	17
64	83	17
8	91	17
31	80	17
52	75	17
10	58	17
10	74	17
39	80	17
12	66	17
49	95	17
21	36	17
9	80	17
54	61	17
80	98	17
75	80	17
24	61	17
36	51	17
34	92	17
42	61	17
24	43	17
14	59	17
42	57	17
55	59	17
12	61	17
52	69	17
14	27	17
17	38	17
36	89	16
25	36	16
33	52	16
26	89	16
37	75	16
37	44	16
10	14	16
10	13	16
73	76	16
38	54	16
50	75	16
88	95	16
23	80	16
41	52	16
76	78	16
34	36	16
24	92	16
78	92	16
19	92	16
56	59	16
79	95	16
3	52	16
5	18	16
59	72	16
4	27	16
59	64	16
36	55	16
45	61	16
22	55	16
43	58	16
46	95	15
10	36	15
33	36	15
36	83	15
25	63	15
8	52	15
10	83	15
31	67	15
9	36	15
11	52	15
36	78	15
27	50	15
36	66	15
61	81	15
66	94	15
36	73	15
14	36	15
22	95	15
30	80	15
55	69	15
36	97	15
18	76	15
14	68	15
35	92	15
35	36	15
10	80	15
27	85	15
38	57	15
5	68	15
28	36	15
36	85	15
43	85	15
24	35	15
43	55	15
3	10	15
2	27	15
59	97	15
66	72	15
3	95	15
25	89	14
29	52	14
26	84	14
16	83	14
4	52	14
63	75	14
31	90	14
32	91	14
14	21	14
9	14	14
36	53	14
14	20	14
5	20	14
36	86	14
1	36	14
44	87	14
88	99	14
50	80	14
65	69	14
85	99	14
53	80	14
44	66	14
80	87	14
27	79	14
19	90	14
22	27	14
48	59	14
61	66	14
41	80	14
24	42	14
3	24	14
3	66	14
57	66	14
9	43	14
19	93	14
27	69	14
2	59	14
28	45	14
27	99	14
38	42	14
33	91	13
36	84	13
37	52	13
42	63	13
25	64	13
37	63	13
36	75	13
9	58	13
95	98	13
8	83	13
4	11	13
81	94	13
20	36	13
30	52	13
20	86	13
50	52	13
27	100	13
50	66	13
12	24	13
12	35	13
22	43	13
48	61	13
31	76	13
19	80	13
43	44	13
5	93	13
76	87	13
61	86	13
57	68	13
18	80	13
43	67	13
55	60	13
10	43	13
14	17	13
23	76	13
12	85	13
17	77	13
63	66	13
58	66	13
9	82	12
26	67	12
33	82	12
26	64	12
23	37	12
31	83	12
9	83	12
25	33	12
64	89	12
66	81	12
6	74	12
44	61	12
12	97	12
11	76	12
1	27	12
76	94	12
61	100	12
38	98	12
14	44	12
5	13	12
61	94	12
35	53	12
20	61	12
27	65	12
40	57	12
12	43	12
57	63	12
60	95	12
53	92	12
66	97	12
27	46	12
40	42	12
51	76	12
59	81	12
43	94	12
43	100	12
38	92	12
59	65	12
51	57	12
34	61	12
68	78	12
47	59	12
3	76	12
55	76	12
66	68	12
12	92	12
42	54	12
42	43	12
42	68	12
42	76	12
3	17	12
17	72	12
50	94	12
13	17	12
36	38	12
38	68	12
37	46	11
52	89	11
4	36	11
11	36	11
6	95	11
32	82	11
31	86	11
9	10	11
37	70	11
14	73	11
58	80	11
49	80	11
20	31	11
14	31	11
18	61	11
27	87	11
18	36	11
27	62	11
59	94	11
13	61	11
61	97	11
13	14	11
11	27	11
69	85	11
95	99	11
52	62	11
36	60	11
61	73	11
13	93	11
14	43	11
24	63	11
68	100	11
92	97	11
43	90	11
5	48	11
56	92	11
34	41	11
34	43	11
24	28	11
3	80	11
42	92	11
51	68	11
46	59	11
59	87	11
11	59	11
17	43	11
68	90	11
59	75	11
5	76	11
5	34	11
43	78	11
24	54	11
13	52	11
42	64	11
59	69	11
59	98	11
61	98	11
10	77	11
76	85	11
55	88	11
14	92	11
36	56	11
27	60	11
55	61	11
58	59	11
12	69	11
4	76	11
38	47	11
38	61	11
28	61	11
59	85	11
10	66	11
42	97	11
58	77	11
13	76	11
66	75	11
33	67	10
26	36	10
44	89	10
63	64	10
32	83	10
32	63	10
15	32	10
37	58	10
15	74	10
66	71	10
7	74	10
5	96	10
61	90	10
66	70	10
27	53	10
72	73	10
1	43	10
1	61	10
36	41	10
30	95	10
61	63	10
74	75	10
90	94	10
74	77	10
43	54	10
12	38	10
38	97	10
21	92	10
68	79	10
19	21	10
45	97	10
22	36	10
1	66	10
13	19	10
40	92	10
5	35	10
35	51	10
34	59	10
27	78	10
2	43	10
1	59	10
22	59	10
11	43	10
22	61	10
19	43	10
31	51	10
5	53	10
9	59	10
19	96	10
44	55	10
10	57	10
92	94	10
18	92	10
12	68	10
52	58	10
35	47	10
52	65	10
2	36	10
24	68	10
63	94	10
28	97	10
38	66	10
43	46	10
35	66	10
61	85	10
17	24	10
38	44	10
2	55	10
75	81	10
36	46	9
4	83	9
26	82	9
82	90	9
36	87	9
87	95	9
26	33	9
84	95	9
89	91	9
4	67	9
64	98	9
36	96	9
8	82	9
10	44	9
64	65	9
16	74	9
39	95	9
14	94	9
10	18	9
36	81	9
78	81	9
29	92	9
31	94	9
9	27	9
31	35	9
38	100	9
14	93	9
54	98	9
7	80	9
11	61	9
10	93	9
13	18	9
61	99	9
67	80	9
27	71	9
7	75	9
14	66	9
58	68	9
21	68	9
76	100	9
5	45	9
41	43	9
28	43	9
43	53	9
5	51	9
51	54	9
34	76	9
68	97	9
35	72	9
42	51	9
43	79	9
43	65	9
12	56	9
35	57	9
19	20	9
2	66	9
44	48	9
56	61	9
12	44	9
51	52	9
57	64	9
42	66	9
76	77	9
56	66	9
36	93	9
42	44	9
27	90	9
79	80	9
2	35	9
24	55	9
24	66	9
59	77	9
28	98	9
69	76	9
68	73	9
38	60	9
2	76	9
44	97	9
76	98	9
75	76	9
24	51	9
35	55	9
27	93	9
17	42	9
52	88	9
3	58	9
31	100	8
82	89	8
8	33	8
25	67	8
15	82	8
33	64	8
16	67	8
10	82	8
67	100	8
9	67	8
6	75	8
63	98	8
11	15	8
10	11	8
65	70	8
4	10	8
74	91	8
21	90	8
7	95	8
49	70	8
29	36	8
36	50	8
20	53	8
31	53	8
18	73	8
18	20	8
50	63	8
18	19	8
56	57	8
27	73	8
61	67	8
14	23	8
12	99	8
21	31	8
36	79	8
67	94	8
12	79	8
67	68	8
18	27	8
14	38	8
14	86	8
52	71	8
44	94	8
5	100	8
68	72	8
31	45	8
22	92	8
28	53	8
43	97	8
3	92	8
73	92	8
34	67	8
17	36	8
35	44	8
90	92	8
5	43	8
5	82	8
44	92	8
43	86	8
55	66	8
17	35	8
54	76	8
38	48	8
36	45	8
3	63	8
4	43	8
31	43	8
24	64	8
58	76	8
35	98	8
17	57	8
65	88	8
38	55	8
47	55	8
35	100	8
28	57	8
55	64	8
4	59	8
27	77	8
35	42	8
28	54	8
43	64	8
9	61	8
23	61	8
59	73	8
12	28	8
34	68	8
40	68	8
13	80	8
76	88	8
35	97	8
66	78	8
24	44	8
38	43	8
12	51	8
76	81	8
3	74	8
82	100	7
29	82	7
32	33	7
26	31	7
67	96	7
82	96	7
63	82	7
9	63	7
32	75	7
10	32	7
8	74	7
9	30	7
66	87	7
70	71	7
6	71	7
21	61	7
70	80	7
13	36	7
14	53	7
31	73	7
9	53	7
35	78	7
69	88	7
53	76	7
38	63	7
18	68	7
56	69	7
62	69	7
4	99	7
35	94	7
38	56	7
19	53	7
46	61	7
74	80	7
70	81	7
48	95	7
71	80	7
27	67	7
4	94	7
47	95	7
38	99	7
1	35	7
66	92	7
35	54	7
29	34	7
34	90	7
24	53	7
45	78	7
67	92	7
53	59	7
35	63	7
35	38	7
48	68	7
9	66	7
5	79	7
43	69	7
56	68	7
55	94	7
35	79	7
61	79	7
43	50	7
18	86	7
2	75	7
44	72	7
61	72	7
24	65	7
36	65	7
43	56	7
30	43	7
40	51	7
40	61	7
54	57	7
19	35	7
27	47	7
47	61	7
3	72	7
1	17	7
17	44	7
66	98	7
17	55	7
23	59	7
31	48	7
63	76	7
17	54	7
92	93	7
17	18	7
43	72	7
59	88	7
2	98	7
17	75	7
42	55	7
43	60	7
43	63	7
4	61	7
10	27	7
67	76	7
65	76	7
35	85	7
61	65	7
9	76	7
14	97	7
36	72	7
13	72	7
68	77	7
11	85	7
42	65	7
55	97	7
55	70	7
12	42	7
17	81	7
12	17	7
12	23	7
27	88	7
17	97	7
58	70	7
25	84	6
64	67	6
33	63	6
36	98	6
16	82	6
44	67	6
75	82	6
82	86	6
9	23	6
29	37	6
10	23	6
44	63	6
14	81	6
14	30	6
66	73	6
62	95	6
30	74	6
10	50	6
50	70	6
49	74	6
27	96	6
29	74	6
53	90	6
53	100	6
9	22	6
30	67	6
50	61	6
27	72	6
75	87	6
14	58	6
62	85	6
1	97	6
1	69	6
61	75	6
30	78	6
57	94	6
18	21	6
6	80	6
54	94	6
38	78	6
86	90	6
38	62	6
4	62	6
31	79	6
38	79	6
41	94	6
70	77	6
75	94	6
38	50	6
73	94	6
39	68	6
58	71	6
31	50	6
44	71	6
50	81	6
27	70	6
72	92	6
45	53	6
5	41	6
19	41	6
10	68	6
43	48	6
63	68	6
5	27	6
59	90	6
3	36	6
24	97	6
19	100	6
59	79	6
22	42	6
22	57	6
29	43	6
6	52	6
45	67	6
39	92	6
17	92	6
68	86	6
39	52	6
3	35	6
3	61	6
28	94	6
22	44	6
31	59	6
35	48	6
19	34	6
44	54	6
17	68	6
5	67	6
19	67	6
55	65	6
13	27	6
53	86	6
22	76	6
12	78	6
35	69	6
47	54	6
61	69	6
12	57	6
4	55	6
35	65	6
17	94	6
57	85	6
59	93	6
55	68	6
18	35	6
64	88	6
64	85	6
78	79	6
23	92	6
45	68	6
92	98	6
12	48	6
11	69	6
61	88	6
19	82	6
68	93	6
51	55	6
22	88	6
44	73	6
40	55	6
55	56	6
38	46	6
41	51	6
41	61	6
9	68	6
9	65	6
46	47	6
66	77	6
72	77	6
14	51	6
55	98	6
57	78	6
76	93	6
18	23	6
42	47	6
60	68	6
2	12	6
12	55	6
12	90	6
60	61	6
35	56	6
19	51	6
22	94	6
43	77	6
18	59	6
5	28	6
46	76	6
44	60	6
42	77	6
61	64	6
12	63	6
77	97	6
61	93	6
27	81	6
28	38	6
9	35	6
43	99	6
43	81	6
59	99	6
2	38	6
38	85	6
2	61	6
9	55	6
14	75	6
35	75	6
59	74	6
17	93	6
40	66	6
45	79	6
14	57	6
46	92	6
51	66	6
2	58	6
55	77	6
52	99	6
35	90	6
2	70	6
83	91	5
4	82	5
25	31	5
15	25	5
44	64	5
9	33	5
75	83	5
8	84	5
83	84	5
29	32	5
31	96	5
10	67	5
15	23	5
11	58	5
63	67	5
52	70	5
15	67	5
11	91	5
70	89	5
8	11	5
44	75	5
11	70	5
11	75	5
10	87	5
9	94	5
69	71	5
69	74	5
39	78	5
49	69	5
36	99	5
9	81	5
40	96	5
90	96	5
39	59	5
6	76	5
30	53	5
81	85	5
25	59	5
6	29	5
39	57	5
69	70	5
19	94	5
62	88	5
44	69	5
40	64	5
73	97	5
41	67	5
71	73	5
27	30	5
11	12	5
11	66	5
9	50	5
50	74	5
12	88	5
63	85	5
53	66	5
71	99	5
74	99	5
35	74	5
49	61	5
43	98	5
18	66	5
6	81	5
67	81	5
24	60	5
4	66	5
7	94	5
63	78	5
59	71	5
24	94	5
9	71	5
68	74	5
44	88	5
92	96	5
76	90	5
45	100	5
82	92	5
90	100	5
57	60	5
22	28	5
1	48	5
1	92	5
48	97	5
1	46	5
41	76	5
41	92	5
64	92	5
28	35	5
43	82	5
27	29	5
57	65	5
65	92	5
34	45	5
39	76	5
40	63	5
22	35	5
9	57	5
44	57	5
2	85	5
20	68	5
41	68	5
5	94	5
34	44	5
52	77	5
21	34	5
28	48	5
55	57	5
2	63	5
40	76	5
28	31	5
31	57	5
78	93	5
12	72	5
20	92	5
34	51	5
28	44	5
10	54	5
54	68	5
1	68	5
5	24	5
1	44	5
36	47	5
47	66	5
48	55	5
2	57	5
47	68	5
2	56	5
1	85	5
3	43	5
43	70	5
35	60	5
54	92	5
34	78	5
12	100	5
10	55	5
17	60	5
56	72	5
1	72	5
45	48	5
14	35	5
24	40	5
42	60	5
28	73	5
18	93	5
24	48	5
40	60	5
4	51	5
10	61	5
17	63	5
45	98	5
51	69	5
67	73	5
93	100	5
54	60	5
51	65	5
3	75	5
27	34	5
85	97	5
1	56	5
23	51	5
23	78	5
45	51	5
56	75	5
47	63	5
54	65	5
46	98	5
75	97	5
51	98	5
72	93	5
23	36	5
23	66	5
39	43	5
55	63	5
65	85	5
7	52	5
2	22	5
43	88	5
64	68	5
68	85	5
60	66	5
60	72	5
3	77	5
10	12	5
45	59	5
12	14	5
4	42	5
2	77	5
13	92	5
38	51	5
77	80	5
11	55	5
42	69	5
17	22	5
62	76	5
40	69	5
4	50	5
34	73	5
54	88	5
42	94	5
46	94	5
72	88	5
35	86	5
24	87	5
55	81	5
35	99	5
27	74	5
30	68	5
28	68	5
12	22	5
22	68	5
68	75	5
2	44	5
17	58	5
40	50	5
50	59	5
50	68	5
14	42	5
14	74	5
78	97	5
51	86	5
34	35	5
17	49	5
2	97	5
71	81	5